image_width: 1280
image_height: 720
camera_name: camerav1_1280x720
camera_matrix:
  rows: 3
  cols: 3
  data: [658.790058, 0.000000, 587.684832, 0.000000, 649.845100, 472.620608, 0.000000, 0.000000, 1.000000]
distortion_model: plumb_bob
distortion_coefficients:
  rows: 1
  cols: 5
  data: [-0.253770, 0.041274, -0.005469, 0.006698, 0.000000]
rectification_matrix:
  rows: 3
  cols: 3
  data: [1.000000, 0.000000, 0.000000, 0.000000, 1.000000, 0.000000, 0.000000, 0.000000, 1.000000]
projection_matrix:
  rows: 3
  cols: 4
  data: [438.626160, 0.000000, 599.831185, 0.000000, 0.000000, 573.964905, 490.835487, 0.000000, 0.000000, 0.000000, 1.000000, 0.000000]
