image_width: 640
image_height: 480
camera_name: camerav1_640x480
camera_matrix:
  rows: 3
  cols: 3
  data: [324.075631, 0.000000, 297.067345, 0.000000, 323.523946, 228.394399, 0.000000, 0.000000, 1.000000]
distortion_model: plumb_bob
distortion_coefficients:
  rows: 1
  cols: 5
  data: [-0.281722, 0.061019, 0.001922, 0.001726, 0.000000]
rectification_matrix:
  rows: 3
  cols: 3
  data: [1.000000, 0.000000, 0.000000, 0.000000, 1.000000, 0.000000, 0.000000, 0.000000, 1.000000]
projection_matrix:
  rows: 3
  cols: 4
  data: [228.968826, 0.000000, 300.119635, 0.000000, 0.000000, 259.884735, 224.094125, 0.000000, 0.000000, 0.000000, 1.000000, 0.000000]
